-1.800000000000000044e+00 -1.250000000000000000e-01
-4.000000000000000222e-01 0.000000000000000000e+00
-2.000000000000000111e-01 1.249999999999998890e-01
0.000000000000000000e+00 4.999999999999997780e-01
2.000000000000000111e-01 8.749999999999995559e-01
4.000000000000000222e-01 9.999999999999992228e-01
5.999999999999999778e-01 1.000000000000000888e+00
8.000000000000000444e-01 1.000000000000000000e+00
1.000000000000000000e+00 8.749999999999995559e-01
0.000000000000000000e+00 5.000000000000000000e-01
