0.000000000000000000e+00 0.000000000000000000e+00
0.000000000000000000e+00 0.000000000000000000e+00
0.000000000000000000e+00 0.000000000000000000e+00
0.000000000000000000e+00 0.000000000000000000e+00
0.000000000000000000e+00 0.000000000000000000e+00
0.000000000000000000e+00 0.000000000000000000e+00
0.000000000000000000e+00 0.000000000000000000e+00
0.000000000000000000e+00 0.000000000000000000e+00
0.000000000000000000e+00 0.000000000000000000e+00
0.000000000000000000e+00 0.000000000000000000e+00
0.000000000000000000e+00 0.000000000000000000e+00
0.000000000000000000e+00 0.000000000000000000e+00
0.000000000000000000e+00 6.250000000000022204e-02
0.000000000000000000e+00 3.125000000000000000e-01
0.000000000000000000e+00 6.875000000000017764e-01
0.000000000000000000e+00 9.374999999999980016e-01
0.000000000000000000e+00 9.999999999999993339e-01
0.000000000000000000e+00 1.000000000000001776e+00
0.000000000000000000e+00 9.999999999999970024e-01
0.000000000000000000e+00 9.999999999999988898e-01
0.000000000000000000e+00 1.000000000000001554e+00
0.000000000000000000e+00 9.999999999999978906e-01
0.000000000000000000e+00 9.999999999999996669e-01
0.000000000000000000e+00 1.000000000000001332e+00
0.000000000000000000e+00 9.999999999999977796e-01
0.000000000000000000e+00 9.999999999999995559e-01
0.000000000000000000e+00 1.000000000000001776e+00
0.000000000000000000e+00 1.000000000000003553e+00
0.000000000000000000e+00 1.000000000000003553e+00
0.000000000000000000e+00 9.999999999999932276e-01
0.000000000000000000e+00 9.999999999999958922e-01
0.000000000000000000e+00 9.999999999999996669e-01
0.000000000000000000e+00 1.000000000000003109e+00
0.000000000000000000e+00 1.000000000000004441e+00
0.000000000000000000e+00 1.000000000000002665e+00
0.000000000000000000e+00 1.000000000000002887e+00
0.000000000000000000e+00 9.999999999999931166e-01
0.000000000000000000e+00 9.999999999999954481e-01
0.000000000000000000e+00 9.374999999999980016e-01
0.000000000000000000e+00 6.875000000000017764e-01
0.000000000000000000e+00 3.125000000000017764e-01
0.000000000000000000e+00 6.249999999999977796e-02
0.000000000000000000e+00 0.000000000000000000e+00
0.000000000000000000e+00 0.000000000000000000e+00
0.000000000000000000e+00 0.000000000000000000e+00
0.000000000000000000e+00 0.000000000000000000e+00
0.000000000000000000e+00 0.000000000000000000e+00
0.000000000000000000e+00 0.000000000000000000e+00
0.000000000000000000e+00 0.000000000000000000e+00
0.000000000000000000e+00 0.000000000000000000e+00
