-1.800000000000000044e+00 0.000000000000000000e+00
-5.999999999999999778e-01 0.000000000000000000e+00
-4.000000000000000222e-01 0.000000000000000000e+00
-2.000000000000000111e-01 0.000000000000000000e+00
0.000000000000000000e+00 0.000000000000000000e+00
2.000000000000000111e-01 0.000000000000000000e+00
4.000000000000000222e-01 0.000000000000000000e+00
5.999999999999999778e-01 0.000000000000000000e+00
8.000000000000000444e-01 0.000000000000000000e+00
1.000000000000000000e+00 0.000000000000000000e+00
0.000000000000000000e+00 0.000000000000000000e+00
0.000000000000000000e+00 0.000000000000000000e+00
1.128509856761312524e-312 1.250000000000004441e-01
1.128509858974726617e-312 5.000000000000000000e-01
0.000000000000000000e+00 8.750000000000022204e-01
0.000000000000000000e+00 9.999999999999980016e-01
0.000000000000000000e+00 9.999999999999993339e-01
0.000000000000000000e+00 1.000000000000001332e+00
0.000000000000000000e+00 9.999999999999977796e-01
0.000000000000000000e+00 9.999999999999998890e-01
0.000000000000000000e+00 1.000000000000001554e+00
0.000000000000000000e+00 9.999999999999978906e-01
0.000000000000000000e+00 9.999999999999994449e-01
0.000000000000000000e+00 1.000000000000001998e+00
0.000000000000000000e+00 9.999999999999977796e-01
0.000000000000000000e+00 9.999999999999998890e-01
0.000000000000000000e+00 1.000000000000001998e+00
0.000000000000000000e+00 1.000000000000002665e+00
1.250000000000004441e-01 1.000000000000002665e+00
5.000000000000000000e-01 9.999999999999934497e-01
8.750000000000022204e-01 9.999999999999966693e-01
9.999999999999980016e-01 1.000000000000001110e+00
9.999999999999993339e-01 1.000000000000001998e+00
1.000000000000001332e+00 1.000000000000002665e+00
9.999999999999977796e-01 1.000000000000002220e+00
9.999999999999998890e-01 1.000000000000001998e+00
1.000000000000001554e+00 9.999999999999926725e-01
9.999999999999978906e-01 9.999999999999966693e-01
9.999999999999994449e-01 8.749999999999995559e-01
1.000000000000001998e+00 5.000000000000008882e-01
9.999999999999977796e-01 1.250000000000004441e-01
9.999999999999998890e-01 0.000000000000000000e+00
1.000000000000001998e+00 0.000000000000000000e+00
1.000000000000002665e+00 0.000000000000000000e+00
1.000000000000002665e+00 0.000000000000000000e+00
9.999999999999934497e-01 0.000000000000000000e+00
9.999999999999966693e-01 0.000000000000000000e+00
1.000000000000001110e+00 0.000000000000000000e+00
1.000000000000001998e+00 0.000000000000000000e+00
1.000000000000002665e+00 0.000000000000000000e+00
