-1.020000000000000018e+00 -6.324821233749375438e+00
-9.799999999999999822e-01 -2.654181003570549535e+00
-9.399999999999999467e-01 -1.023435831069946289e+00
-8.999999999999999112e-01 -3.541882038116446196e-01
-8.599999999999998757e-01 -1.072393655776981980e-01
-8.199999999999998401e-01 -2.760243415832497327e-02
-7.799999999999998046e-01 -5.834698677062932770e-03
-7.399999999999997691e-01 -9.677410125732144319e-04
-6.999999999999997335e-01 -1.176595687866184917e-04
-6.599999999999996980e-01 -9.298324584960720660e-06
-6.199999999999996625e-01 -3.576278686523335856e-07
-5.799999999999996270e-01 0.000000000000000000e+00
-5.399999999999995914e-01 1.192092895507816735e-07
-4.999999999999996114e-01 2.861022949218790658e-06
-4.599999999999996314e-01 3.302097320556738203e-05
-4.199999999999996514e-01 2.441406250000039031e-04
-3.799999999999996714e-01 1.299738883972181847e-03
-3.399999999999996914e-01 5.311012268066461761e-03
-2.999999999999997113e-01 1.734483242034920436e-02
-2.599999999999997313e-01 4.656982421875016653e-02
-2.199999999999997236e-01 1.050198078155521464e-01
-1.799999999999997158e-01 2.024364471435543544e-01
-1.399999999999997080e-01 3.388197422027590111e-01
-9.999999999999970024e-02 5.000000000000012212e-01
-5.999999999999969941e-02 6.611802577972402117e-01
-1.999999999999969857e-02 7.975635528564452015e-01
2.000000000000030226e-02 8.949801921844493524e-01
6.000000000000030309e-02 9.534301757812523315e-01
1.000000000000003109e-01 9.826551675796548757e-01
1.400000000000003186e-01 9.946889877319289308e-01
1.800000000000003264e-01 9.987002611160250565e-01
2.200000000000003342e-01 9.997558593749985567e-01
2.600000000000003419e-01 9.999669790267944336e-01
3.000000000000003220e-01 9.999971389770523356e-01
3.400000000000003020e-01 9.999998807907138909e-01
3.800000000000002820e-01 1.000000000000005995e+00
4.200000000000002620e-01 9.999999999999975575e-01
4.600000000000002420e-01 9.999999999999986677e-01
5.000000000000002220e-01 9.999998807907112264e-01
5.400000000000002576e-01 9.999971389770532237e-01
5.800000000000002931e-01 9.999669790267970981e-01
6.200000000000003286e-01 9.997558593750012212e-01
6.600000000000003642e-01 9.987002611160162857e-01
7.000000000000003997e-01 9.946889877319228246e-01
7.400000000000004352e-01 9.826551675796423302e-01
7.800000000000004707e-01 9.534301757812442268e-01
8.200000000000005063e-01 8.949801921844462438e-01
8.600000000000005418e-01 7.975635528564448684e-01
9.000000000000005773e-01 6.611802577972327732e-01
9.400000000000006128e-01 4.999999999999955591e-01
