-1.800000000000000044e+00 -1.906250000000000000e+00
-4.000000000000000222e-01 -6.250000000000004441e-01
-2.000000000000000111e-01 -1.250000000000002220e-01
0.000000000000000000e+00 9.374999999999994449e-02
2.000000000000000111e-01 3.437499999999996114e-01
4.000000000000000222e-01 6.562499999999992228e-01
5.999999999999999778e-01 8.906250000000007772e-01
8.000000000000000444e-01 9.843750000000003331e-01
1.000000000000000000e+00 9.843749999999995559e-01
0.000000000000000000e+00 8.906249999999992228e-01
