-1.800000000000000044e+00 -5.906249999999997158e+01
-4.000000000000000222e-01 1.265624999999999289e+01
-2.000000000000000111e-01 3.906250000000000000e+01
0.000000000000000000e+00 -5.468750000000000000e+01
2.000000000000000111e-01 2.968750000000000000e+01
4.000000000000000222e-01 -4.062499999999997335e+00
5.999999999999999778e-01 1.000000000000000000e+00
8.000000000000000444e-01 1.000000000000000000e+00
1.000000000000000000e+00 -3.806250000000000000e+01
0.000000000000000000e+00 5.568749999999998579e+01
