-1.020000000000000018e+00 -4.054145812988227959e-01
-9.799999999999999822e-01 -1.369132995605455427e-01
-9.399999999999999467e-01 -3.962707519531183387e-02
-8.999999999999999112e-01 -9.466171264648270967e-03
-8.599999999999998757e-01 -1.778602600097635433e-03
-8.199999999999998401e-01 -2.450942993164010458e-04
-7.799999999999998046e-01 -2.193450927734353316e-05
-7.399999999999997691e-01 -9.536743164062296712e-07
-6.999999999999997335e-01 0.000000000000000000e+00
-6.599999999999996980e-01 0.000000000000000000e+00
-6.199999999999996625e-01 0.000000000000000000e+00
-5.799999999999996270e-01 0.000000000000000000e+00
-5.399999999999995914e-01 9.536743164062533881e-07
-4.999999999999996114e-01 2.002716064453157526e-05
-4.599999999999996314e-01 2.012252807617243879e-04
-4.199999999999996514e-01 1.288414001464857628e-03
-3.799999999999996714e-01 5.908966064453166633e-03
-3.399999999999996914e-01 2.069473266601573602e-02
-2.999999999999997113e-01 5.765914916992187500e-02
-2.599999999999997313e-01 1.315879821777344860e-01
-2.199999999999997236e-01 2.517223358154304647e-01
-1.799999999999997158e-01 4.119014739990228824e-01
-1.399999999999997080e-01 5.880985260009767845e-01
-9.999999999999970024e-02 7.482776641845716448e-01
-5.999999999999969941e-02 8.684120178222637376e-01
-1.999999999999969857e-02 9.423408508300774589e-01
2.000000000000030226e-02 9.793052673339850411e-01
6.000000000000030309e-02 9.940910339355492065e-01
1.000000000000003109e-01 9.987115859985397082e-01
1.400000000000003186e-01 9.997987747192332852e-01
1.800000000000003264e-01 9.999799728393528042e-01
2.200000000000003342e-01 9.999990463256829276e-01
2.600000000000003419e-01 1.000000000000000222e+00
3.000000000000003220e-01 1.000000000000002887e+00
3.400000000000003020e-01 1.000000000000004219e+00
3.800000000000002820e-01 1.000000000000005773e+00
4.200000000000002620e-01 9.999999999999971134e-01
4.600000000000002420e-01 9.999999999999974465e-01
5.000000000000002220e-01 9.999990463256822615e-01
5.400000000000002576e-01 9.999799728393548026e-01
5.800000000000002931e-01 9.997987747192383923e-01
6.200000000000003286e-01 9.987115859985354893e-01
6.600000000000003642e-01 9.940910339355368830e-01
7.000000000000003997e-01 9.793052673339743830e-01
7.400000000000004352e-01 9.423408508300719078e-01
7.800000000000004707e-01 8.684120178222627384e-01
8.200000000000005063e-01 7.482776641845663157e-01
8.600000000000005418e-01 5.880985260009761184e-01
9.000000000000005773e-01 4.119014739990216611e-01
9.400000000000006128e-01 2.517223358154270230e-01
