-1.800000000000000044e+00 -2.995312499999998863e+02
-4.000000000000000222e-01 1.202343749999999432e+02
-2.000000000000000111e-01 7.867187500000000000e+01
0.000000000000000000e+00 -1.953125000000000000e+02
2.000000000000000111e-01 1.562500000000000000e+02
4.000000000000000222e-01 -5.468750000000000000e+01
5.999999999999999778e-01 8.593749999999996447e+00
8.000000000000000444e-01 1.000000000000000000e+00
1.000000000000000000e+00 -9.665625000000000000e+01
0.000000000000000000e+00 1.963124999999999432e+02
