-1.800000000000000044e+00 -4.375000000000008882e-01
-5.999999999999999778e-01 -6.250000000000000000e-02
-4.000000000000000222e-01 6.249999999999994449e-02
-2.000000000000000111e-01 3.124999999999998890e-01
0.000000000000000000e+00 6.874999999999995559e-01
2.000000000000000111e-01 9.374999999999991118e-01
4.000000000000000222e-01 1.000000000000000888e+00
5.999999999999999778e-01 1.000000000000000000e+00
8.000000000000000444e-01 9.374999999999995559e-01
1.000000000000000000e+00 6.874999999999997780e-01
