-1.800000000000000044e+00 -1.632656249999999091e+03
-4.000000000000000222e-01 7.425000000000000000e+02
-2.000000000000000111e-01 6.062500000000007105e+01
0.000000000000000000e+00 -6.157812499999997726e+02
2.000000000000000111e-01 6.835937499999996589e+02
4.000000000000000222e-01 -3.710937499999997726e+02
5.999999999999999778e-01 1.035156250000000000e+02
8.000000000000000444e-01 -1.039062500000041567e+01
1.000000000000000000e+00 -2.431406249999994884e+02
0.000000000000000000e+00 6.357656249999996589e+02
