-1.800000000000000044e+00 5.000000000000000000e-01
-4.000000000000000222e-01 2.539062499999997780e-01
-2.000000000000000111e-01 8.984375000000022204e-02
0.000000000000000000e+00 1.953125000000011102e-02
2.000000000000000111e-01 1.953125000000003469e-03
4.000000000000000222e-01 1.953124999999993061e-03
5.999999999999999778e-01 1.953125000000011102e-02
8.000000000000000444e-01 8.984375000000027756e-02
1.000000000000000000e+00 2.539062499999997780e-01
0.000000000000000000e+00 4.999999999999991673e-01
0.000000000000000000e+00 7.460937499999984457e-01
0.000000000000000000e+00 9.101562500000002220e-01
1.128509856761312524e-312 9.804687500000023315e-01
1.128509858974726617e-312 9.980468749999993339e-01
0.000000000000000000e+00 1.000000000000001776e+00
0.000000000000000000e+00 9.999999999999990008e-01
5.000000000000000000e-01 9.980468750000004441e-01
2.539062499999997780e-01 9.804687500000013323e-01
8.984375000000022204e-02 9.101562499999995559e-01
1.953125000000011102e-02 7.460937500000011102e-01
