-1.000000000000000000e+00 -1.680697265624999272e+04
-8.000000000000000444e-01 1.654804687499999272e+04
-4.000000000000000222e-01 -8.350742187499994543e+03
-2.000000000000000111e-01 -2.224531250000000909e+03
0.000000000000000000e+00 8.856367187500000000e+03
2.000000000000000111e-01 -8.810439453125000000e+03
4.000000000000000222e-01 4.968261718750000000e+03
5.999999999999999778e-01 -1.676269531250000000e+03
8.000000000000000444e-01 -1.208789062500000000e+03
1.000000000000000000e+00 5.773710937499997272e+03
