-1.020000000000000018e+00 -1.266880512237538170e+00
-9.799999999999999822e-01 -5.025734901428187129e-01
-9.399999999999999467e-01 -1.797170639038059292e-01
-8.999999999999999112e-01 -5.640840530395418995e-02
-8.599999999999998757e-01 -1.508450508117653577e-02
-8.199999999999998401e-01 -3.317117691039969674e-03
-7.799999999999998046e-01 -5.726814270019427167e-04
-7.399999999999997691e-01 -7.247924804687369896e-05
-6.999999999999997335e-01 -5.960464477539008290e-06
-6.599999999999996980e-01 -2.384185791015574178e-07
-6.199999999999996625e-01 0.000000000000000000e+00
-5.799999999999996270e-01 0.000000000000000000e+00
-5.399999999999995914e-01 2.384185791015633470e-07
-4.999999999999996114e-01 5.483627319336018815e-06
-4.599999999999996314e-01 6.055831909179860972e-05
-4.199999999999996514e-01 4.277229309082091965e-04
-3.799999999999996714e-01 2.171754837036153629e-03
-3.399999999999996914e-01 8.450269699096762954e-03
-2.999999999999997113e-01 2.623939514160161801e-02
-2.599999999999997313e-01 6.690025329589860403e-02
-2.199999999999997236e-01 1.431393623352054112e-01
-1.799999999999997158e-01 2.617335319519040748e-01
-1.399999999999997080e-01 4.159059524536135033e-01
-9.999999999999970024e-02 5.840940475463879400e-01
-5.999999999999969941e-02 7.382664680480944819e-01
-1.999999999999969857e-02 8.568606376647945888e-01
2.000000000000030226e-02 9.330997467041025617e-01
6.000000000000030309e-02 9.737606048584008800e-01
1.000000000000003109e-01 9.915497303009077612e-01
1.400000000000003186e-01 9.978282451629586491e-01
1.800000000000003264e-01 9.995722770690890213e-01
2.200000000000003342e-01 9.999394416809065378e-01
2.600000000000003419e-01 9.999945163726806641e-01
3.000000000000003220e-01 9.999997615814223417e-01
3.400000000000003020e-01 1.000000000000003775e+00
3.800000000000002820e-01 1.000000000000005773e+00
4.200000000000002620e-01 9.999999999999970024e-01
4.600000000000002420e-01 9.999999999999991118e-01
5.000000000000002220e-01 9.999997615814215646e-01
5.400000000000002576e-01 9.999945163726835506e-01
5.800000000000002931e-01 9.999394416809079811e-01
6.200000000000003286e-01 9.995722770690943504e-01
6.600000000000003642e-01 9.978282451629517658e-01
7.000000000000003997e-01 9.915497303008933283e-01
7.400000000000004352e-01 9.737606048583904439e-01
7.800000000000004707e-01 9.330997467040980098e-01
8.200000000000005063e-01 8.568606376647931455e-01
8.600000000000005418e-01 7.382664680480934827e-01
9.000000000000005773e-01 5.840940475463809456e-01
9.400000000000006128e-01 4.159059524536106167e-01
