-1.800000000000000044e+00 5.625000000000000000e-01
-4.000000000000000222e-01 1.687499999999998224e+00
-2.000000000000000111e-01 6.250000000000000000e-02
0.000000000000000000e+00 -6.875000000000000000e-01
2.000000000000000111e-01 2.687499999999999112e+00
4.000000000000000222e-01 -4.062499999999998224e+00
5.999999999999999778e-01 1.000000000000000888e+00
8.000000000000000444e-01 1.000000000000000000e+00
1.000000000000000000e+00 9.374999999999980016e-01
0.000000000000000000e+00 1.687500000000000888e+00
