-1.800000000000000044e+00 -4.764550781249998181e+03
-4.000000000000000222e-01 3.760488281249997726e+03
-2.000000000000000111e-01 -1.084003906249999318e+03
0.000000000000000000e+00 -1.540214843750000000e+03
2.000000000000000111e-01 2.618417968750000000e+03
4.000000000000000222e-01 -1.953125000000000000e+03
5.999999999999999778e-01 8.154296875000000000e+02
8.000000000000000444e-01 -1.812500000000000000e+02
1.000000000000000000e+00 -5.922656250000000000e+02
0.000000000000000000e+00 1.954124999999999091e+03
