-1.000000000000000000e+00 -2.108273744583115672e+00
-9.599999999999999645e-01 -8.847270011901784414e-01
-9.199999999999999289e-01 -3.411452770233109888e-01
-8.799999999999998934e-01 -1.180627346038805037e-01
-8.399999999999998579e-01 -3.574645519256536286e-02
-7.999999999999998224e-01 -9.200811386108204148e-03
-7.599999999999997868e-01 -1.944899559020968338e-03
-7.199999999999997513e-01 -3.225803375244088583e-04
-6.799999999999997158e-01 -3.921985626220638073e-05
-6.399999999999996803e-01 -3.099441528320285395e-06
-5.999999999999996447e-01 -1.192092895507787089e-07
-5.599999999999996092e-01 0.000000000000000000e+00
-5.199999999999995737e-01 1.192092895507816735e-07
-4.799999999999995937e-01 2.861022949218790658e-06
-4.399999999999996136e-01 3.302097320556738203e-05
-3.999999999999996336e-01 2.441406250000039031e-04
-3.599999999999996536e-01 1.299738883972181847e-03
-3.199999999999996736e-01 5.311012268066461761e-03
-2.799999999999996936e-01 1.734483242034920436e-02
-2.399999999999996858e-01 4.656982421875016653e-02
-1.999999999999996780e-01 1.050198078155521464e-01
-1.599999999999996703e-01 2.024364471435543544e-01
-1.199999999999996625e-01 3.388197422027590111e-01
-7.999999999999965472e-02 5.000000000000012212e-01
-3.999999999999965389e-02 6.611802577972402117e-01
3.469446951953614189e-16 7.975635528564452015e-01
4.000000000000034778e-02 8.949801921844493524e-01
8.000000000000034861e-02 9.534301757812523315e-01
1.200000000000003564e-01 9.826551675796548757e-01
1.600000000000003642e-01 9.946889877319289308e-01
2.000000000000003719e-01 9.987002611160250565e-01
2.400000000000003797e-01 9.997558593749985567e-01
2.800000000000003597e-01 9.999669790267944336e-01
3.200000000000003397e-01 9.999971389770523356e-01
3.600000000000003197e-01 9.999998807907138909e-01
4.000000000000002998e-01 1.000000000000005995e+00
4.400000000000002798e-01 9.999999999999975575e-01
4.800000000000002598e-01 9.999999999999986677e-01
5.200000000000002398e-01 9.999998807907112264e-01
5.600000000000002753e-01 9.999971389770532237e-01
6.000000000000003109e-01 9.999669790267970981e-01
6.400000000000003464e-01 9.997558593750012212e-01
6.800000000000003819e-01 9.987002611160162857e-01
7.200000000000004174e-01 9.946889877319228246e-01
7.600000000000004530e-01 9.826551675796423302e-01
8.000000000000004885e-01 9.534301757812442268e-01
8.400000000000005240e-01 8.949801921844462438e-01
8.800000000000005596e-01 7.975635528564448684e-01
9.200000000000005951e-01 6.611802577972327732e-01
9.600000000000006306e-01 4.999999999999955591e-01
