-1.020000000000000018e+00 1.497734375000000000e+02
-9.799999999999999822e-01 7.289062500000022737e+01
-9.399999999999999467e-01 3.448437499999977263e+01
-8.999999999999999112e-01 1.542187500000000000e+01
-8.599999999999998757e-01 6.218750000000042633e+00
-8.199999999999998401e-01 2.109374999999985789e+00
-7.799999999999998046e-01 5.468750000000000000e-01
-7.399999999999997691e-01 9.375000000000000000e-02
-6.999999999999997335e-01 7.812500000000055511e-03
-6.599999999999996980e-01 0.000000000000000000e+00
-6.199999999999996625e-01 0.000000000000000000e+00
-5.799999999999996270e-01 0.000000000000000000e+00
-5.399999999999995914e-01 1.953125000000006939e-03
-4.999999999999996114e-01 1.953125000000000000e-02
-4.599999999999996314e-01 8.984375000000022204e-02
-4.199999999999996514e-01 2.539062499999991118e-01
-3.799999999999996714e-01 5.000000000000000000e-01
-3.399999999999996914e-01 7.460937500000015543e-01
-2.999999999999997113e-01 9.101562499999984457e-01
-2.599999999999997313e-01 9.804687500000002220e-01
-2.199999999999997236e-01 9.980468750000015543e-01
-1.799999999999997158e-01 9.999999999999971134e-01
-1.399999999999997080e-01 9.999999999999986677e-01
-9.999999999999970024e-02 1.000000000000001332e+00
-5.999999999999969941e-02 9.999999999999974465e-01
-1.999999999999969857e-02 9.999999999999993339e-01
2.000000000000030226e-02 1.000000000000001332e+00
6.000000000000030309e-02 1.000000000000003553e+00
1.000000000000003109e-01 1.000000000000005551e+00
1.400000000000003186e-01 9.999999999999955591e-01
1.800000000000003264e-01 9.999999999999958922e-01
2.200000000000003342e-01 9.999999999999976685e-01
2.600000000000003419e-01 1.000000000000000000e+00
3.000000000000003220e-01 1.000000000000000444e+00
3.400000000000003020e-01 1.000000000000003997e+00
3.800000000000002820e-01 1.000000000000006661e+00
4.200000000000002620e-01 9.999999999999962252e-01
4.600000000000002420e-01 9.999999999999948930e-01
5.000000000000002220e-01 9.980468749999956701e-01
5.400000000000002576e-01 9.804687499999971134e-01
5.800000000000002931e-01 9.101562500000008882e-01
6.200000000000003286e-01 7.460937500000039968e-01
6.600000000000003642e-01 4.999999999999973355e-01
7.000000000000003997e-01 2.539062499999982236e-01
7.400000000000004352e-01 8.984375000000000000e-02
7.800000000000004707e-01 1.953125000000011102e-02
8.200000000000005063e-01 1.953124999999986122e-03
8.600000000000005418e-01 0.000000000000000000e+00
9.000000000000005773e-01 0.000000000000000000e+00
9.400000000000006128e-01 0.000000000000000000e+00
