-1.800000000000000044e+00 7.734374999999986677e-01
-4.000000000000000222e-01 4.999999999999990008e-01
-2.000000000000000111e-01 2.343749999999994449e-01
0.000000000000000000e+00 1.250000000000000278e-01
2.000000000000000111e-01 2.343750000000000555e-01
4.000000000000000222e-01 4.999999999999997780e-01
5.999999999999999778e-01 7.734375000000009992e-01
8.000000000000000444e-01 9.375000000000004441e-01
1.000000000000000000e+00 9.843749999999994449e-01
0.000000000000000000e+00 9.374999999999986677e-01
