-1.800000000000000044e+00 6.562499999999991118e-01
-4.000000000000000222e-01 3.437499999999993339e-01
-2.000000000000000111e-01 1.093749999999998335e-01
0.000000000000000000e+00 3.124999999999999306e-02
2.000000000000000111e-01 1.093749999999999167e-01
4.000000000000000222e-01 3.437499999999995559e-01
5.999999999999999778e-01 6.562500000000008882e-01
8.000000000000000444e-01 8.906250000000002220e-01
1.000000000000000000e+00 9.687499999999997780e-01
0.000000000000000000e+00 8.906249999999991118e-01
