-1.800000000000000044e+00 1.124999999999998224e+00
-4.000000000000000222e-01 0.000000000000000000e+00
-2.000000000000000111e-01 -1.250000000000000000e-01
0.000000000000000000e+00 1.000000000000000000e+00
2.000000000000000111e-01 -2.374999999999999556e+00
4.000000000000000222e-01 1.000000000000000000e+00
5.999999999999999778e-01 1.000000000000000000e+00
8.000000000000000444e-01 9.999999999999992228e-01
1.000000000000000000e+00 1.125000000000001110e+00
0.000000000000000000e+00 8.881784197001252323e-16
