-1.020000000000000018e+00 1.236152249574749362e+01
-9.799999999999999822e-01 6.429528594017469345e+00
-9.399999999999999467e-01 3.377406477928360573e+00
-8.999999999999999112e-01 1.760220229625797828e+00
-8.599999999999998757e-01 8.682129681110843933e-01
-8.199999999999998401e-01 3.741127848625351859e-01
-7.799999999999998046e-01 1.277304291725207541e-01
-7.399999999999997691e-01 3.164738416671875054e-02
-6.999999999999997335e-01 5.790174007415799240e-03
-6.599999999999996980e-01 1.139223575592006321e-03
-6.199999999999996625e-01 2.743601799011161080e-04
-5.799999999999996270e-01 4.172325134277213646e-05
-5.399999999999995914e-01 3.039836883544881217e-06
-4.999999999999996114e-01 7.748603820800882894e-07
-4.599999999999996314e-01 9.715557098389024241e-06
-4.199999999999996514e-01 7.826089859008962535e-05
-3.799999999999996714e-01 4.552602767944422674e-04
-3.399999999999996914e-01 2.038657665252706364e-03
-2.999999999999997113e-01 7.316648960113580902e-03
-2.599999999999997313e-01 2.164262533187874538e-02
-2.199999999999997236e-01 5.387607216835044177e-02
-1.799999999999997158e-01 1.147614717483518842e-01
-1.399999999999997080e-01 2.121781110763549805e-01
-9.999999999999970024e-02 3.450189828872688991e-01
-5.999999999999969941e-02 4.999999999999994449e-01
-1.999999999999969857e-02 6.549810171127321556e-01
2.000000000000030226e-02 7.878218889236463518e-01
6.000000000000030309e-02 8.852385282516506138e-01
1.000000000000003109e-01 9.461239278316539991e-01
1.400000000000003186e-01 9.783573746681163419e-01
1.800000000000003264e-01 9.926833510398832550e-01
2.200000000000003342e-01 9.979613423347459822e-01
2.600000000000003419e-01 9.995447397232064546e-01
3.000000000000003220e-01 9.999217391014117995e-01
3.400000000000003020e-01 9.999902844429056081e-01
3.800000000000002820e-01 9.999992251396244702e-01
4.200000000000002620e-01 9.999999701976753919e-01
4.600000000000002420e-01 1.000000000000000666e+00
5.000000000000002220e-01 9.999999701976790556e-01
5.400000000000002576e-01 9.999992251396208065e-01
5.800000000000002931e-01 9.999902844429036097e-01
6.200000000000003286e-01 9.999217391014161294e-01
6.600000000000003642e-01 9.995447397231975728e-01
7.000000000000003997e-01 9.979613423347387657e-01
7.400000000000004352e-01 9.926833510398784810e-01
7.800000000000004707e-01 9.783573746681142325e-01
8.200000000000005063e-01 9.461239278316451173e-01
8.600000000000005418e-01 8.852385282516452847e-01
9.000000000000005773e-01 7.878218889236370259e-01
9.400000000000006128e-01 6.549810171127230518e-01
