-1.800000000000000044e+00 -1.802795800781248836e+05
-4.000000000000000222e-01 2.509396215820311045e+05
-2.000000000000000111e-01 -2.141181787109373545e+05
0.000000000000000000e+00 8.596035156249991269e+04
2.000000000000000111e-01 5.324710937500001455e+04
4.000000000000000222e-01 -1.264931958007812500e+05
5.999999999999999778e-01 1.170567578125000000e+05
8.000000000000000444e-01 -6.756213623046875000e+04
1.000000000000000000e+00 1.619567871093750000e+04
0.000000000000000000e+00 4.138000488281247817e+04
