-1.020000000000000018e+00 0.000000000000000000e+00
-9.799999999999999822e-01 0.000000000000000000e+00
-9.399999999999999467e-01 0.000000000000000000e+00
-8.999999999999999112e-01 0.000000000000000000e+00
-8.599999999999998757e-01 0.000000000000000000e+00
-8.199999999999998401e-01 0.000000000000000000e+00
-7.799999999999998046e-01 0.000000000000000000e+00
-7.399999999999997691e-01 0.000000000000000000e+00
-6.999999999999997335e-01 0.000000000000000000e+00
-6.599999999999996980e-01 0.000000000000000000e+00
-6.199999999999996625e-01 0.000000000000000000e+00
-5.799999999999996270e-01 0.000000000000000000e+00
-5.399999999999995914e-01 1.907348632812506776e-06
-4.999999999999996114e-01 3.814697265625075894e-05
-4.599999999999996314e-01 3.643035888671970410e-04
-4.199999999999996514e-01 2.212524414062520817e-03
-3.799999999999996714e-01 9.605407714843819389e-03
-3.399999999999996914e-01 3.178405761718761102e-02
-2.999999999999997113e-01 8.353424072265613898e-02
-2.599999999999997313e-01 1.796417236328125000e-01
-2.199999999999997236e-01 3.238029479980478742e-01
-1.799999999999997158e-01 4.999999999999993339e-01
-1.399999999999997080e-01 6.761970520019532360e-01
-9.999999999999970024e-02 8.203582763671886102e-01
-5.999999999999969941e-02 9.164657592773417516e-01
-1.999999999999969857e-02 9.682159423828116118e-01
2.000000000000030226e-02 9.903945922851568051e-01
6.000000000000030309e-02 9.977874755859398315e-01
1.000000000000003109e-01 9.996356964111372534e-01
1.400000000000003186e-01 9.999618530273394201e-01
1.800000000000003264e-01 9.999980926513645230e-01
2.200000000000003342e-01 9.999999999999998890e-01
2.600000000000003419e-01 1.000000000000000444e+00
3.000000000000003220e-01 1.000000000000001998e+00
3.400000000000003020e-01 1.000000000000005329e+00
3.800000000000002820e-01 1.000000000000005995e+00
4.200000000000002620e-01 9.999999999999967804e-01
4.600000000000002420e-01 9.999999999999974465e-01
5.000000000000002220e-01 9.999980926513649671e-01
5.400000000000002576e-01 9.999618530273429728e-01
5.800000000000002931e-01 9.996356964111332566e-01
6.200000000000003286e-01 9.977874755859371669e-01
6.600000000000003642e-01 9.903945922851453698e-01
7.000000000000003997e-01 9.682159423828021749e-01
7.400000000000004352e-01 9.164657592773390871e-01
7.800000000000004707e-01 8.203582763671843914e-01
8.200000000000005063e-01 6.761970520019509046e-01
8.600000000000005418e-01 5.000000000000031086e-01
9.000000000000005773e-01 3.238029479980433223e-01
9.400000000000006128e-01 1.796417236328107236e-01
